0.637985 4.37685
0.459663 3.45712
0.181379 1.59715
0.710593 -1.12314
1.03973 -0.705616
0.824425 -3.12345
0.354312 4.14565
0.208311 2.26422
0.59583 1.36526
0.462463 1.92222
0.631068 -5.39559
0.826074 -4.85861
0.543978 -3.65855
0.56121 -5.62704
0.66025 -3.52629
0.475379 1.97853
1.76795 -6.23643
0.347459 -0.648069
0.324618 0.255143
0.175868 -0.934906
0.0909174 -0.167159
0.275765 -0.0929746
0.136654 -2.63921
0.338855 -0.816722
1.26216 -2.19579
0.127269 0.757525
0.114228 5.60945
0.10437 -0.883724
1.25437 6.20884
0.0873661 1.88995
0.15816 0.917838
0.167364 1.02535
0.372229 -4.93118
0.504609 -5.46029
0.523575 -0.182949
0.310895 1.4741
0.17455 -6.03806
0.563363 -6.12317
0.913595 4.08394
0.715012 -1.60112
0.118137 0.875055
0.237414 1.3419
0.942197 4.00127
0.251867 -5.59774
1.17861 -3.48519
0.0311289 9.49306
0.238331 1.57387
0.753613 3.68106
0.165186 2.30984
0.162422 -3.30928
1.68861 -1.4984
0.100702 0.810589
0.50295 -3.88332
1.50532 -3.4077
2.63949 3.5191
1.44853 -2.77894
0.337515 -5.25212
0.368223 5.60849
0.407902 -3.76559
2.29146 -0.898788
0.917703 -0.86069
1.1969 -0.512166
0.825223 -0.608819
0.240737 -3.47754
0.0480351 -4.49224
1.35342 0.948584
0.515743 0.669138
1.21289 0.234381
0.203856 -2.83401
0.0481154 -9.16358
0.190557 -7.86837
0.622321 0.163512
1.25116 -1.88668
2.51929 -3.38996
1.26505 -0.817844
0.632976 5.61372
1.63848 -3.59956
0.705557 3.10803
0.549047 3.76264
0.0739038 -0.753522
0.249449 -3.71879
1.55043 1.39254
0.688325 -3.67552
1.32297 -2.93611
1.2051 1.4576
0.127359 -0.522992
0.853615 0.994782
5.5529 1.57528
0.160493 -1.56189
0.717305 3.58501
0.41412 -1.81829
0.563514 -1.6846
1.42256 -1.72908
0.474318 0.257902
1.9915 -3.6086
2.11116 -2.81497
1.50063 -2.62505
3.96101 -2.72167
0.838198 -1.94804
0.140431 6.35173
0.23677 6.04445
1.36657 0.2606
0.357204 0.00940336
0.735745 -0.351275
0.381087 1.04786
0.225026 -4.48715
0.243115 -3.92512
0.17209 3.49189
0.279088 -3.15611
0.813175 1.42256
0.308549 -1.90331
0.552949 3.57282
1.93961 3.95294
1.20188 4.01229
1.41155 -0.852118
1.13903 0.950473
0.220289 -3.65882
0.399974 4.07255
0.44485 0.458656
1.89079 -2.28504
0.265356 2.1577
0.957318 -1.17264
0.345609 -4.34033
0.295618 0.865155
1.25782 -1.08424
0.67997 -2.17964
0.411519 -4.75495
0.125138 -4.96461
0.794543 -1.68934
0.146357 -1.91956
0.572977 -1.83753
0.248343 -1.09909
1.5996 0.162847
0.442647 4.56927
0.466098 3.40539
0.875265 -4.00872
0.594377 5.17643
0.147677 1.19835
0.0884145 -4.10209
0.206199 1.68847
0.170453 1.58387
3.91943 -1.88088
0.0629263 5.39238
0.959157 -0.0358299
0.118835 1.5264
0.0170996 2.81064
0.236986 0.225534
1.83232 -4.41225
1.133 -0.144818
0.598648 -4.77442
0.276825 3.18011
0.175749 -3.13451
0.621907 4.3988
4.94718 -1.63517
0.125972 -2.18876
2.23467 2.35928
0.320216 -4.40402
0.189377 3.09255
0.288355 6.1547
0.719417 -0.279903
1.52671 -2.2604
0.262886 3.03085
0.540228 -4.77376
0.879296 -1.66719
1.4259 -3.61974
0.0969173 -1.8111
0.580765 3.2694
0.441098 -1.67179
0.752746 -1.36742
0.376592 1.48336
0.629461 1.60542
0.509203 -0.0443222
0.241689 -0.274491
0.33385 2.96856
0.307817 -4.10564
0.314984 2.23418
0.519779 2.22258
0.605876 1.39169
0.436236 -5.45063
0.208922 -4.60052
0.290112 -1.16645
0.694484 2.77426
0.125771 4.95996
0.41299 -1.21171
0.249852 4.63041
1.6153 -2.90569
0.490065 -2.60291
0.0791578 2.57594
0.724332 -4.26878
1.06558 -1.44917
0.320388 1.00208
0.135512 2.11635
1.02978 -1.78484
0.31505 -4.47087
0.0862459 -5.03212
1.12227 -4.28504
0.546089 0.0478427
0.481953 -0.521065
0.0324202 4.22957
0.909966 -0.914283
0.477282 5.11551
0.388082 4.05326
0.0699756 3.43895
0.332372 -1.09656
0.13712 -1.01903
0.224624 3.28494
0.822402 3.59688
1.11919 0.47016
0.0759871 6.12234
0.123944 5.48278
1.76397 -1.27172
1.24311 -3.08503
1.31833 -1.12637
0.128572 7.7692
0.451867 8.61347
0.182608 5.61086
0.618932 -3.73054
0.632574 -6.20002
0.303274 -2.04281
0.315827 -4.04096
0.0865334 1.70021
0.192338 -8.74411
0.0961648 -6.01798
0.361911 4.02826
3.1694 1.1348
0.312032 0.946831
1.33296 -1.1278
0.133493 -1.4014
0.195178 2.19395
0.458089 5.86318
0.215677 4.85165
1.86066 0.0156792
0.152196 -5.42819
2.6357 -4.34029
0.225962 -1.83713
0.297807 1.49749
0.154466 2.36661
0.21892 1.40316
0.656365 6.11638
0.44438 3.8514
0.578887 2.49208
0.183256 5.34099
2.99085 -3.61067
0.165287 5.95214
0.382231 -1.6531
1.13009 -1.99685
1.24755 -1.61143
0.511294 -5.08702
0.571655 1.95039
0.154367 -3.0347
1.33328 2.92714
0.969162 1.50859
0.0846867 -0.0794886
0.0977106 -1.04187
0.197296 -0.153663
0.490355 -1.25839
0.210172 1.66148
0.103168 -2.90724
2.44733 -1.7652
3.53215 -1.69882
1.80817 0.40677
0.430419 4.75935
0.627922 -1.80826
1.1392 -1.24728
0.397315 0.0273688
0.535349 0.68263
0.351185 -1.23108
0.326526 0.639212
0.852737 0.623518
0.602943 -1.86584
0.208184 5.27467
0.0996094 -4.25477
0.338155 4.35812
0.70645 -3.34138
0.139096 1.96714
0.447822 -5.35886
0.580893 -1.41915
0.340541 0.015922
0.403499 -5.59871
0.216559 -4.38052
0.141867 3.50087
1.16791 -2.97856
0.266522 2.88258
0.672015 3.11693
0.456783 1.16637
1.6651 1.66036
0.145765 3.53706
0.10006 3.0293
0.930967 -0.398928
0.408377 4.10417
0.285891 -5.30322
0.234937 -3.6921
0.221282 -2.58572
0.211319 -0.22153
0.0810364 -2.91637
0.578975 -2.25867
0.717672 3.40478
1.48527 -0.855861
0.038746 2.64028
0.377932 -4.25094
1.25534 2.92224
0.293111 -3.0323
2.30744 0.822787
2.38641 2.91256
0.184676 -0.374035
1.2615 -2.70517
1.60629 -2.82612
0.126797 2.68688
0.461376 4.17999
0.564491 4.07194
0.569486 6.06383
3.18788 1.5297
0.203891 -1.51603
0.500653 3.14225
0.371743 -4.97855
0.673359 7.92071
0.388594 -1.09582
0.105251 1.2587
1.90822 3.56243
1.05074 3.18475
0.137559 0.499111
0.160768 -3.60936
0.843208 -4.62721
0.467917 -2.22026
1.79129 -2.35337
0.389579 5.21798
0.279184 -2.99113
5.05136 -0.158667
0.279584 4.86293
1.09568 -4.76845
0.318496 -2.79081
0.611946 -3.81141
0.199236 1.52697
0.520526 1.32279
0.146611 -2.81722
0.381527 3.15261
0.233881 2.69935
0.766705 3.28058
1.1182 -0.189806
0.169984 -1.76237
0.340717 1.07267
1.16353 -2.9269
0.371512 -0.689762
0.0594955 -2.97833
2.7973 1.02313
1.34966 -4.60267
2.15583 0.739859
0.401262 -0.449536
0.245626 2.33486
0.202018 -0.712524
0.479817 3.41486
0.575936 2.18132
0.0960447 2.38736
0.480088 -1.84325
0.205727 4.4886
0.892391 -2.63075
0.50675 -2.88944
0.809819 4.21834
1.31436 3.24602
0.950289 1.02241
0.029119 5.61028
0.0624313 -1.56058
0.186502 2.59138
0.0614352 0.129497
0.524248 1.30833
0.30988 -0.668167
1.73837 0.969353
0.205884 1.84365
1.61456 -0.158716
1.10862 -2.69404
0.195641 -3.63291
0.363081 -0.308488
1.40364 1.10999
0.271016 -5.98928
0.0377649 -6.54489
0.28474 5.24985
0.485828 3.23649
0.262821 3.98817
0.620674 -3.89318
0.108659 3.21607
0.0287378 4.40872
0.365168 2.70405
0.572627 4.36994
1.48139 2.12638
0.396121 -3.25992
0.465311 -2.46983
0.270671 -0.312092
0.34592 4.05281
0.559221 -3.85259
1.71107 -1.37848
0.0143526 1.74592
0.858366 -4.63164
0.412758 -2.10772
0.799219 3.96978
0.0979808 0.540621
1.62183 5.65823
0.978655 0.163793
0.129443 -0.872626
1.78228 -5.62733
0.304208 -5.09846
0.677024 -0.293991
0.793165 1.91302
1.12789 -2.28694
0.19033 -4.27934
0.518407 -4.70137
0.519143 -0.311557
0.522688 0.953095
1.53197 -2.83839
0.659426 -0.673518
1.303 0.0583537
0.658969 0.922559
1.13269 -3.42678
1.52253 -6.36381
0.321829 2.43882
0.978008 1.02619
0.795439 1.67803
2.24603 3.11701
0.664198 0.754233
0.12744 -5.45986
0.762235 -4.01565
0.309282 -1.04106
1.26901 3.06783
0.471011 2.46054
1.67865 2.11646
0.291857 0.11814
2.10348 1.05652
0.727458 -0.749818
0.265883 0.627637
0.435424 -4.17306
1.38502 -2.14559
5.22941 -0.756369
0.484551 1.09076
0.665732 4.65489
1.45929 -3.26836
0.498765 -0.933819
2.62357 1.99262
0.820856 1.7813
0.433535 -0.19845
0.372512 -0.0874659
0.0968871 1.65194
1.00733 0.855592
2.67506 -0.312596
0.437064 5.60149
0.947042 -0.980315
0.124433 -0.014979
0.133774 -1.67024
0.226062 -1.57203
0.163857 -3.43462
1.26091 -1.40043
1.77297 -1.17619
0.297722 -0.475944
0.391646 -4.28834
8.14463 -0.557562
0.0674364 -7.14575
0.5154 -1.03735
1.10848 -1.63743
0.611419 -1.90082
0.59425 -4.25901
0.120617 2.83354
0.471823 -3.41433
0.16348 4.1813
0.753641 -2.95201
0.871617 -2.07449
0.346086 -3.47549
0.347892 -1.46377
0.434745 -1.82339
1.10041 -1.46077
0.224321 -0.975177
5.34016 -0.850378
5.43648 2.08314
0.372574 -5.04921
1.66771 2.97824
0.31109 -0.156838
0.209936 -0.380442
0.436729 -0.987246
0.698414 3.30933
0.498662 2.86422
0.633566 2.45182
1.74019 -2.19381
0.160651 1.5185
0.554839 -4.92263
2.00372 0.0335869
0.426362 1.78165
0.507926 2.82021
1.36149 3.53307
0.563274 -0.42647
0.806822 3.84832
0.3116 1.40675
0.21437 -0.446036
0.0566143 -6.21066
0.378954 -0.0961654
0.283196 1.6197
1.95069 -0.863897
0.900268 1.54542
0.0302169 1.64113
0.160174 1.40866
0.22341 -5.3154
0.352799 -3.55844
0.240304 -5.23591
0.835098 -6.74025
0.0825377 2.368
0.280315 1.61175
1.25825 3.78288
1.9295 2.67306
0.965468 1.40056
1.03171 -2.5138
0.0407518 2.12134
0.493712 0.350416
0.679038 -3.30174
0.365351 -0.609289
0.311105 3.93893
0.402356 4.60131
0.407761 5.44942
1.2133 2.1505
0.262328 0.576593
0.584476 0.00867302
1.61569 -0.578107
0.0754057 4.11686
0.243878 2.95894
0.0845442 4.83239
0.879657 -4.30524
0.365579 -4.48449
0.153352 -7.75773
0.27134 0.4232
1.03496 4.24667
0.134174 4.42749
1.20185 2.3404
0.759559 -3.1156
0.490371 -6.10707
1.93306 -1.45593
0.806946 4.98912
0.579448 6.06862
2.60938 0.831981
5.46408 2.37727
0.215652 3.9704
7.08495 4.27991
0.218562 0.176823
0.854855 -0.41651
0.150817 -3.68304
0.530254 -3.02716
0.379033 -3.11139
2.34353 4.32054
0.272495 -0.366391
0.101407 1.38
0.922397 0.894039
0.173201 -5.32142
0.0839549 -3.2465
0.466305 -5.74823
0.278479 -1.54972
0.97745 4.94206
0.599132 4.57763
0.232079 2.98188
0.495305 1.64693
0.49994 -6.56578
0.440714 2.19199
1.52982 0.830586
0.627451 0.759771
0.735135 3.25713
0.427568 2.68225
0.122157 3.06196
0.564079 -1.54234
1.35424 -3.7806
0.430376 -3.05514
0.559308 -5.72315
0.940302 3.61512
1.2247 4.09544
1.84651 1.04814
1.46503 1.57447
0.737601 1.81589
0.323319 3.11206
0.505459 -0.735345
1.24537 -3.1785
0.642889 -0.531174
5.04441 -0.673943
0.327492 2.67706
0.367334 2.90824
0.281318 3.30818
0.416307 1.0609
0.321229 4.1499
0.501451 0.746703
1.50207 -5.68941
1.7009 -5.33266
1.89073 -3.29458
0.418079 6.38797
0.446631 -0.951619
0.607202 3.72709
0.285265 3.29452
0.0786471 3.11864
0.673037 -6.02905
0.0801603 -3.6934
0.275108 7.06357
0.110681 -3.05955
0.0284412 -4.95744
0.760308 0.646206
0.0818214 0.8814
0.485512 -1.89164
0.377634 2.67376
1.12222 1.26671
0.343848 2.11995
1.08752 0.126022
0.160679 2.5081
1.02574 2.87518
0.484944 2.76125
0.247592 4.59336
0.494589 0.02222
0.298329 4.5574
2.98243 -5.09255
0.352507 -3.35701
0.233381 3.87712
0.135246 6.40434
0.292465 0.916638
0.321836 0.302581
0.0666198 4.8976
0.722104 4.37116
1.87211 -1.77929
1.57186 -0.253357
0.624827 5.82222
0.739347 0.926979
0.293956 -1.24749
0.314812 -1.98524
0.320728 -4.15022
1.29168 -2.59806
0.112088 -5.84297
1.41241 1.55967
0.103785 3.97833
0.323456 -3.66293
0.691976 4.38497
1.20063 -2.30771
0.413274 -0.31416
0.0677278 -0.867109
0.407279 -1.60592
0.340035 1.40478
0.59149 2.39646
1.36592 -0.082768
0.139857 4.24023
1.62545 -4.31462
0.162811 3.49369
0.835614 -1.96186
0.105016 4.35404
0.122183 4.38481
1.35459 -5.62459
0.50932 -3.64675
1.00033 -5.28673
1.12902 3.30811
0.758713 -2.05003
0.299756 0.120688
0.0554457 -4.94778
0.108726 -5.18105
0.250654 3.28414
0.613267 4.54194
0.333432 1.29486
0.433112 1.00498
0.204478 -1.50973
0.0425293 -7.64612
0.229481 -5.40549
2.57107 -0.707795
0.880691 5.76408
1.84538 -4.27316
0.677706 -2.70064
1.20913 4.38461
3.89467 -0.693545
0.0146899 3.54012
0.874358 -1.89428
0.290061 2.48861
0.128782 2.6403
0.816312 4.52767
0.236573 4.70214
0.609032 -1.91952
0.700733 -5.85441
0.244735 -0.687445
2.68534 -1.86014
1.33049 4.77898
0.0968112 5.88004
0.180404 -2.97233
0.292393 2.21806
0.55529 -2.27782
2.67447 0.079063
0.377122 -3.16033
1.56596 -2.05346
1.62218 0.859044
0.55176 -3.48373
0.340988 3.05873
0.0389194 7.07638
0.0810986 -1.60647
0.5569 4.51048
0.254054 -4.39723
0.170325 -3.66048
1.41999 1.28702
0.244826 1.1932
0.246566 -1.49777
0.223869 -1.60664
0.327747 -0.239375
0.732416 0.128016
0.262007 -1.31213
1.87332 -1.98366
0.143766 1.27436
0.112005 -0.31188
0.076719 1.86541
0.111152 2.89583
5.55589 -0.84938
1.04753 -0.316401
3.48357 -2.07814
0.139764 3.69792
0.310435 0.998728
0.112896 0.288691
0.613161 4.36186
0.233615 1.50217
0.537376 2.69212
0.554512 1.42019
2.55155 1.92815
1.47811 5.30341
0.241842 1.40884
0.369058 1.60899
0.897585 -0.922161
0.199743 1.78575
0.433456 -0.925443
0.353328 1.24001
0.444892 -8.46096
0.121072 -8.99336
1.03242 2.45719
2.40698 4.12257
3.80687 -1.02817
0.389856 4.68303
0.972788 5.54859
0.218283 2.88413
0.445632 -0.803465
1.23992 3.73972
0.985158 -3.02373
0.36377 -5.50313
1.10357 2.29873
0.477104 -2.74186
0.571073 -4.93342
0.758309 -3.72192
1.71569 -4.00633
2.89809 -3.54146
0.172901 2.83456
0.202763 3.47516
0.167945 0.654196
0.313627 2.81484
0.117069 -2.76215
0.213719 -0.468606
0.809555 -2.59094
1.65693 1.95403
1.54579 4.79607
2.3339 1.61273
0.221848 0.424009
0.332078 -4.72486
0.144943 0.103682
0.578094 -3.15316
0.810048 2.58682
0.241777 1.69111
0.218161 2.17622
0.0759978 -1.35466
0.881341 -3.56311
0.660139 -4.85634
0.81074 -3.63284
0.933881 2.52562
0.461117 -1.06206
0.477452 0.0210264
0.200237 -5.70395
0.195799 3.98374
0.460313 -0.205977
0.487261 2.62931
1.03952 -3.30781
0.279194 2.84242
0.556325 0.856493
0.878868 1.20045
0.415478 2.00755
1.8356 -2.45143
0.347054 -1.50751
0.0922854 -2.46296
0.304375 3.10331
0.965761 -4.67821
0.684779 -3.11699
0.699013 3.6413
1.24752 -1.94043
0.137053 -1.07803
0.939079 5.88742
0.217617 1.48769
0.13901 2.89207
0.540268 -2.18158
1.20668 3.69946
0.765984 4.27038
0.323938 -1.51005
0.382655 1.1429
0.0769207 -0.75776
0.161486 0.662162
0.794609 -3.86875
0.156064 4.61278
0.0297709 6.6978
0.369918 -1.0214
0.167959 3.98838
0.865659 -3.44532
1.28811 0.287703
0.818795 2.92442
0.835979 -1.86312
0.695 -0.412996
0.247994 -1.42362
0.48821 0.648558
0.418372 -3.00141
0.47899 2.33622
0.570912 -1.02526
0.20896 1.44066
0.106233 1.25642
0.789773 6.06341
0.481981 2.81993
0.524409 -1.59045
0.560679 -0.288648
1.2567 -0.487479
2.29707 5.77919
0.440166 1.81107
0.061093 2.22999
0.71186 1.2226
0.161005 0.310772
0.902341 -5.15993
0.698825 1.5699
0.781041 -3.32228
0.142507 4.48993
0.242533 -1.81522
0.375591 -0.957468
0.171442 -1.62376
0.0484995 6.76284
1.86205 3.912
0.418962 2.54925
0.674365 -0.952701
0.438349 3.57825
0.162088 5.38016
0.735426 -1.70202
0.980254 0.422986
0.681646 -0.388081
0.636499 4.7132
0.182566 -7.22145
1.52487 -3.25906
0.169478 4.2782
0.881923 4.56972
0.522272 0.42301
5.91318 2.55751
0.345533 4.42802
0.621051 4.68899
0.566005 1.85682
1.04241 -3.07723
0.880923 2.91752
0.0578146 -6.0161
1.42703 2.86938
0.379907 2.25585
0.630769 -7.55685
1.38537 0.285069
1.408 -2.63012
0.416364 1.34987
0.827608 0.0740166
0.264645 2.31182
1.59694 4.41515
2.57635 2.20227
0.0208173 3.49829
0.745887 0.759314
0.291725 -1.02945
0.148299 1.38478
0.72394 -5.43193
0.421277 -0.472331
0.124759 3.37103
0.392761 -3.64445
0.172316 -3.44133
1.13011 -2.46169
0.36465 2.13761
0.6741 2.99431
0.248831 3.9499
0.252308 4.1277
1.0214 -1.22015
0.889854 -4.62527
1.21489 1.47566
0.290544 -1.9006
0.0356031 4.85371
2.42553 0.300007
0.0934476 -2.05028
1.87506 1.12992
0.324143 0.566266
0.314239 3.60569
0.55737 5.3007
0.196592 -4.42812
1.01482 2.49117
0.346569 1.84265
0.607681 1.03144
0.148681 0.589846
0.334752 -1.60486
0.241847 -3.26976
0.106838 2.42222
0.189316 2.58331
0.381323 2.20607
0.423547 -3.25108
0.262202 2.13882
0.0216422 -3.21049
0.0895153 -3.61552
0.663295 -2.847
0.0273774 -2.60895
0.0915987 1.51582
0.196117 0.99992
0.0273079 -4.8897
0.101999 0.396333
0.740865 1.3176
0.250329 5.58042
0.16543 2.34333
1.10151 -3.82219
0.76573 3.71119
0.29502 -3.03561
1.67538 5.84878
0.124686 4.98943
0.153233 -3.56803
4.65289 4.10885
1.94405 0.455605
0.606987 1.59448
2.11445 0.363844
0.33442 3.73888
0.987613 4.10203
0.557144 1.64733
0.520374 -2.45764
0.1535 -6.75888
0.259562 -3.30763
0.228088 -3.64484
0.309957 -1.69268
0.180914 -2.01015
0.19526 5.56824
0.491525 5.95146
0.867241 4.94191
1.36728 3.76231
1.12502 0.0827774
2.35949 -1.48016
0.73101 0.373653
0.16045 4.12157
0.956601 -1.88716
0.487956 -1.89723
0.921498 -2.1984
0.453704 -3.39994
0.171281 -5.28301
0.334172 -3.85299
0.32289 4.42853
0.456564 -5.74983
0.329605 2.88955
0.124339 4.70835
0.187814 4.56135
0.0304718 -1.82892
0.489519 -0.193842
0.580785 -5.14906
0.186757 0.92611
1.15884 -0.301173
0.611147 -4.22417
1.06927 -4.17793
0.529246 0.560246
5.89692 3.8906
0.785099 1.9355
1.05217 3.52234
0.450049 2.19326
0.631856 1.93336
0.251031 -1.43169
1.15795 -4.80361
0.618124 -3.483
0.446616 2.99197
0.256807 -1.6136
0.459664 -2.05232
1.08367 -3.5771
1.7941 3.4284
0.268277 -3.17631
2.34981 -0.648382
1.06356 3.69977
0.386033 0.98261
0.130507 -3.47198
0.310595 0.692977
0.857334 -1.6322
1.52184 2.51767
0.249041 -3.17314
0.244463 2.52546
0.215965 -1.97646
1.08938 -5.1083
0.717947 2.92036
0.482336 6.10133
0.115397 3.53055
0.353496 -0.318995
1.0462 -2.67361
0.843063 -2.9465
1.88885 -1.18292
0.703897 0.377307
0.449216 1.1446
0.836539 0.57497
0.552702 1.13211
0.936713 -2.8
0.414641 0.744471
0.470858 4.29981
0.125287 4.86477
0.697894 3.96558
0.525604 2.81055
2.01938 2.65249
0.276758 -1.63938
0.103589 -2.33588
0.372688 -2.7801
0.248524 4.70759
1.50209 5.24474
0.0280788 -3.92263
1.25919 2.10762
0.469502 1.06863
0.162024 3.74699
0.154616 5.41901
2.9621 -6.08441
0.467743 0.23266
0.418378 -2.60784
0.384137 1.27277
0.109452 -5.11525
0.297614 -4.12794
0.184096 0.609963
0.259361 1.88944
0.314821 -1.805
0.334831 -3.79096
0.486566 0.292794
0.10775 3.78256
1.19844 -2.56918
0.565329 2.5637
1.76322 2.22722
0.292393 2.9532
0.679205 2.735
0.184519 3.65279
0.0436487 1.55608
0.89782 -2.7113
0.57659 -4.04788
0.270181 -3.86159
0.496887 -2.69575
1.42579 -3.33318
1.4298 -0.624478
0.12349 3.04218
0.119566 0.774591
0.536263 4.11207
0.447182 0.440266
0.635315 -3.70427
0.313709 -5.0854
0.32282 2.14394
0.675826 -0.720075
0.596375 0.904748
0.697374 2.46587
0.21435 -0.0511637
0.313137 3.88331
4.68314 -0.0720671
0.0557163 2.51374
0.315271 -1.61738
0.423939 1.05623
0.126922 1.54354
0.487996 -0.375706
1.73722 2.12731
0.74862 1.92426
0.776271 -7.66753
0.140209 -7.84324
0.261942 0.134888
0.45306 -0.780986
0.512222 -4.7043
0.190601 0.838903
0.417761 -1.49025
1.30104 -1.6313
0.697988 -2.82409
0.884997 1.84538
0.600602 1.6495
1.6314 5.39317
0.760848 -3.71982
1.31238 -1.86786
0.663643 -0.13639
0.245627 -1.86254
1.85864 -2.6178
0.886824 6.03061
0.461889 6.1497
0.295152 2.74863
0.175531 6.12153
0.661853 -6.50281
0.460879 4.98059
0.785512 0.628053
2.76301 3.81441
0.304991 -0.620729
0.574308 2.94561
0.893531 0.493063
0.397151 0.226223
0.173268 -0.202637
0.306104 0.00244898
0.603707 0.238026
3.48048 -0.121677
1.89525 -1.31431
0.464401 1.39418
0.798387 -1.11184
0.268866 -0.34853
1.08331 0.91487
2.70654 -1.68651
2.22755 3.17714
0.0840554 -4.13688
1.52364 -2.06024
0.546207 5.38597
0.323494 -0.397144
0.522404 0.33063
0.879471 1.07297
0.860264 0.478613
1.08498 3.11778
0.151761 -5.70287
0.303886 -6.68093
0.421942 2.327
0.468461 5.54681
1.69213 4.76096
0.742669 -4.03253
0.153829 -3.04809
0.187545 -6.69953
0.509039 -2.12133
2.3042 2.53835
0.278863 2.28554
0.739529 4.72232
0.34157 -2.06174
0.117763 0.976597
1.18497 -1.23064
0.381845 -1.29736
0.15862 -0.645514
0.997347 0.474797
0.218795 3.71877
0.781286 1.59625
0.464317 2.96356
0.47507 0.565136
0.627211 -2.40994
0.0437447 2.33618
0.683111 -0.581332
0.466805 -1.15133
0.398165 -2.48844
0.53687 4.08219
2.06237 -1.61605
0.277536 6.30345
0.134169 1.12079
1.09326 0.318024
0.741054 3.79636
0.72221 1.4643
0.535727 1.85724
1.85241 -5.27878
0.0674727 -6.43533
0.728865 -5.38845
0.516264 -5.5399
0.0839117 3.46051
1.3772 1.3177
0.544855 1.3185
0.273133 -5.6484
1.16049 -3.94679
0.27817 -0.987252
0.301267 -0.440995
0.77132 -1.98905
1.20495 -1.38069
5.212 -0.385721
1.58902 2.73313
0.629642 1.21244
0.236579 1.70974
2.43998 4.97164
0.280549 5.29422
0.0880507 3.42449
0.80517 7.38053
0.458733 -2.92471
0.6614 2.44334
0.530294 -4.24246
0.360343 -3.96696
0.627063 -3.6513
1.4883 -3.57101
0.964407 2.69066
0.287887 -2.14225
1.53345 -0.131732
0.848172 5.44997
2.86963 0.572555
0.786993 0.687763
0.350446 3.76003
0.800866 0.0927393
0.109974 -1.11025
0.0465261 2.58816
1.16252 -1.76017
0.0672201 -4.68565
0.288581 1.31298
0.28033 -6.29591
0.666608 -3.66142
0.450326 -0.0979273
0.65567 -4.1162
0.816445 -6.61364
2.33986 1.11309
0.131893 3.57323
0.437354 -4.36678
0.409063 5.39461
0.0802344 5.74241
0.343924 5.14066
0.234094 0.82896
2.16684 -0.827358
0.325019 3.85433
0.450256 3.17305
0.0812296 -2.96411
1.0012 -3.45427
0.749579 3.12694
1.18956 3.47722
1.53142 -0.422285
1.70341 -0.455158
0.683266 -0.162152
0.288441 4.00695
0.11842 4.3166
0.376219 -0.815755
0.501315 4.07857
0.109691 6.17959
0.0586005 1.77926
1.53109 3.21532
0.169878 1.49172
0.76878 -4.56467
0.502656 2.73449
0.682367 -5.97787
0.12175 -4.09627
1.16184 -0.22665
0.262121 4.05767
1.30171 -0.788982
0.4382 1.06964
0.412813 -0.858648
0.124834 0.993913
2.08533 -1.5716
0.594281 -4.01517
0.325798 1.79759
0.756687 -1.83114
1.38295 -1.69892
0.0697329 5.04609
0.22113 1.9102
0.789907 5.03177
0.491315 -1.70568
0.504026 -5.69158
0.35658 4.86723
0.144002 -2.1644
0.390325 2.40081
0.411151 3.53198
0.625113 5.27858
0.235337 4.94035
0.406008 4.56285
0.406984 1.53108
1.11746 5.01668
2.57228 0.39537
0.36249 -2.41187
0.278263 -0.302079
0.320706 1.64915
0.382491 3.48773
1.53915 -1.44891
4.19601 2.63847
0.311452 1.24649
4.34842 -0.934271
1.47932 -3.61925
0.4657 -1.68042
0.286313 -0.357127
1.7563 0.755884
0.820073 -3.49487
0.245617 -4.08142
1.35696 -4.45689
0.592563 -3.31493
0.203042 0.422205
0.233673 -1.90375
0.5634 -4.2895
0.32164 -1.51155
0.237563 -3.84966
1.37433 -3.37525
0.24499 0.0809677
0.785669 -2.31764
0.574991 6.96699
0.0754537 4.03111
0.242283 -1.70147
0.383798 -1.02993
0.48647 2.26679
0.154496 -5.58834
0.237647 6.73442
0.404551 0.776095
0.111691 6.61301
2.27199 1.04764
1.24535 -0.387724
0.77235 -3.5503
0.781901 0.514263
0.303717 0.983872
0.25282 -1.58983
0.469981 -0.464614
0.297551 -1.48882
0.331561 -7.54376
0.438437 -7.74755
1.35801 -2.33087
0.912189 -0.737139
0.206185 7.00197
2.01681 -0.581548
0.238319 5.02879
1.28707 3.96875
2.45226 -4.51274
0.405014 5.80819
0.12411 5.94749
1.09159 -0.00955303
0.215105 1.29184
0.13407 -7.1881
3.35782 4.81911
0.306837 -4.55097
0.241617 4.66368
0.524405 -0.187676
0.840263 -0.234754
0.378958 1.15179
0.0851823 1.43391
0.0762571 -7.35592
0.0991637 -7.32384
0.676431 -2.38729
0.0292439 6.75627
0.309229 0.0340088
0.366065 -6.54598
0.257961 3.39464
1.64209 4.22696
0.1887 0.234914
0.163245 0.939616
1.25802 1.2215
0.288094 -1.44978
0.833955 -3.74716
0.275789 3.84881
0.285391 2.49221
0.933798 -1.17285
1.34487 -2.83935
0.325432 2.2334
3.571 1.29834
0.459153 -2.351
0.91929 -1.67583
0.251568 3.40464
2.77523 4.46773
0.949242 1.74045
0.330268 2.09358
0.250423 -1.8519
0.935182 4.98179
0.390819 -7.99937
0.977912 -2.71329
1.22227 4.01032
1.07113 -2.61086
0.472891 4.66344
0.279243 5.38348
0.155526 1.37864
0.410571 -6.52985
0.446856 -4.38311
0.566671 -3.50004
3.16781 -1.42091
0.499456 -0.655143
1.5247 0.27706
0.922186 0.711517
0.680812 -3.09574
1.77191 -3.10984
1.16509 -0.143442
0.0804666 -4.39263
0.120316 -3.5644
0.1976 -6.66134
0.240233 5.92766
0.516262 2.48175
0.598971 -5.12016
0.595844 -5.66895
1.00359 0.340217
1.89179 -0.336696
3.79981 -0.136401
0.782092 2.83073
1.60412 -0.148662
0.279735 3.18495
0.293512 -0.289518
0.997073 0.463786
0.0680539 -4.05637
0.284896 -4.18217
0.268596 0.0235796
0.219046 0.71138
2.71046 -1.07905
0.577099 -5.55923
0.0262683 -9.18507
0.38699 5.75634
0.930619 -2.77237
0.859968 -3.3649
0.460867 2.53411
0.23896 3.5687
0.774681 -0.148101
1.5903 4.5074
0.801498 2.74933
0.450987 -2.64482
0.161029 -2.72173
0.118423 4.78231
0.191929 4.14204
0.604571 0.786146
0.13418 -2.03736
0.783108 -3.22703
0.193812 -0.293877
0.732298 -0.147054
0.803576 -0.00300672
0.181174 5.9587
1.44152 1.63584
1.16226 -1.27486
0.73158 -3.42802
1.48527 -2.93152
1.58201 -1.79049
0.492061 -3.8775
0.382473 0.458622
0.555986 0.227811
0.384303 3.00655
0.873952 2.86078
1.09838 0.905312
3.8387 3.26113
0.911206 5.39527
0.191242 -4.70135
0.316576 1.66726
0.217246 3.52329
0.523544 0.488673
0.640904 1.53793
0.734915 0.464798
2.86796 1.36224
0.599667 -2.20139
2.54882 4.77317
0.531005 1.15978
0.269318 1.51392
0.690893 0.858789
2.14131 -2.8164
1.15047 4.7917
1.55346 1.47456
1.18588 3.94811
0.399038 -0.789458
0.24227 -5.24926
0.0879936 -2.4452
0.284247 -1.57475
0.161897 6.24309
0.296711 -1.7092
0.131711 0.345676
0.111536 -0.231152
1.21102 -3.72394
0.374305 0.631613
0.128152 -3.6595
0.559216 -1.07264
1.882 -3.81461
3.44574 -3.42807
1.09172 0.286208
0.203171 -2.29093
1.0431 -4.32833
0.712346 -5.51139
3.51963 -3.07394
1.2962 0.389544
0.394406 -1.81455
0.240226 2.08875
0.0519101 -1.2765
1.17608 1.13867
0.507838 0.100669
2.63394 -2.87566
0.345458 -3.95561
1.37631 5.41052
1.86851 4.12396
0.205951 -1.07066
0.0822671 -1.10637
0.456793 -4.40411
0.0105109 -3.38046
0.544169 -6.01247
2.9577 2.12315
0.37044 -1.42004
0.638499 1.27577
0.238124 2.97039
0.590445 3.13218
0.240791 -0.330052
1.12457 1.99829
0.456997 2.98209
0.211613 5.68129
0.269432 0.237298
0.296672 -2.66635
0.0424663 -4.54426
0.133929 -4.99697
0.0616887 -1.40165
0.116423 -1.23982
0.447378 -5.32449
1.12899 -3.1603
0.519433 -0.593657
0.503079 -0.714797
0.392699 0.488788
0.198998 2.14851
0.445734 -0.616506
0.328557 0.74214
0.304777 4.6594
0.156987 5.34227
0.749943 -2.18672
0.252818 2.29931
0.0614303 6.03422
0.460427 3.46395
0.299857 -2.11936
0.0868909 -2.30764
0.180181 -2.34612
0.952457 -1.99844
0.544244 -1.70501
0.345473 -2.03342
2.1438 -0.501968
0.311763 0.617379
1.72924 -0.266585
1.95691 -2.01022
0.0492577 4.17481
0.826534 1.32192
0.272789 0.935859
1.41933 -1.9456
2.16831 2.74431
0.26226 -5.15893
0.317092 2.0997
0.596369 -0.599044
0.235294 -3.34696
0.288977 -4.15864
0.328476 2.01861
1.06476 -5.95415
0.832993 -2.91644
0.23127 1.25993
0.96448 0.517337
0.512745 1.95178
0.235968 -2.6828
0.107921 -2.88407
0.856681 -4.44594
0.339428 -2.55645
0.0596159 3.81119
0.638278 -2.77402
0.60648 -1.62406
0.524835 -4.32094
0.878914 -5.73516
2.6435 -2.60887
0.591971 0.243818
0.527253 1.4405
0.666796 4.52634
0.154754 1.14626
0.223757 3.98383
1.33919 4.12746
0.68308 -0.624823
0.23619 -0.839386
4.76135 -0.260491
0.410654 -5.99913
0.114739 -6.88731
1.04867 6.47159
1.85418 0.00885774
1.41856 1.22269
2.22561 3.46911
0.936849 -1.0755
1.28651 -4.48418
0.512851 0.942234
1.00747 3.74102
0.537185 -3.97061
3.26178 0.636167
0.351499 0.256773
0.0990539 0.767469
1.48342 5.06296
0.271956 -2.97723
0.181071 -5.60631
4.63012 2.92266
0.0812169 0.940234
1.53058 0.0541947
1.2367 4.5596
0.84102 2.66972
0.547074 3.41635
1.36395 0.0391415
0.651401 1.14544
0.249794 0.995411
0.197269 1.20467
0.847489 -2.3016
1.11054 -1.30575
1.13792 -2.29112
0.781222 2.85493
1.08414 1.3698
0.846869 1.37457
2.45579 4.83591
0.279817 1.45039
0.830612 0.713611
0.0876463 -2.01123
0.22686 -0.256025
0.357118 5.07419
0.750803 2.33184
0.108642 -4.78345
0.409287 -4.20668
2.82046 -0.93365
0.63702 2.13828
0.0829387 -1.84784
0.22311 -1.59116
0.305981 0.393074
0.543331 2.97798
0.345503 0.816172
0.067982 3.71476
0.151983 -1.24769
0.297882 5.96683
1.51909 3.31471
0.609998 2.29587
0.568052 4.30407
1.13019 -2.7456
0.113199 -5.54487
0.161552 -5.38516
0.314561 -1.65073
0.505522 0.244816
0.514415 -6.38354
0.29887 -6.42709
0.303666 0.0801688
1.61268 -1.54328
0.958505 -2.82552
0.0535185 -6.79582
0.357064 1.31223
0.680444 -4.02768
0.144207 -3.09246
0.558512 -0.817054
1.75534 -4.97677
0.812226 4.26928
0.6349 2.01275
0.83969 3.28874
0.55516 -0.00105096
0.467988 0.654266
0.636839 -4.30374
0.290819 -4.95485
0.273962 5.66172
0.448871 3.82877
1.4194 -1.75124
0.261795 2.36155
0.162192 -0.831437
0.315166 -0.450247
0.101881 5.07051
0.0749524 5.33389
1.60025 1.52394
0.44249 2.6492
0.44968 -7.59786
0.077497 -2.21812
1.71606 -3.78582
0.477093 2.84593
0.441434 6.39542
0.392888 7.21177
1.93086 -1.7491
0.816375 -4.67918
0.0933094 7.53435
0.522204 3.81985
0.528721 -4.97479
3.80442 -3.19736
0.857638 -0.226006
0.287017 -1.76523
0.941117 2.23893
0.18738 5.14097
0.382554 2.94509
0.0381803 7.03362
1.26277 -1.36361
0.287298 4.71835
1.02586 4.24254
0.600871 -4.30311
0.338139 4.05852
0.0600511 0.862338
0.506098 -4.30186
0.366834 1.09427
0.619208 3.66783
0.405813 -1.2237
0.657523 -2.59487
2.4971 -3.91737
0.172147 -0.954019
0.186934 -0.605774
1.34655 1.6122
0.277228 -2.28125
0.0872872 -2.76909
0.0707008 0.652166
0.39367 1.25392
0.381495 8.6784
0.379877 7.81126
0.25521 -0.427346
0.70442 -0.782567
0.555579 -4.74214
0.110172 -6.68421
0.383615 -0.451813
1.81589 1.05585
0.174663 2.67587
0.160903 2.59179
0.797382 0.935381
0.998686 -5.38612
0.677721 5.39789
0.779914 -2.48003
1.15465 3.26748
1.882 3.33406
0.623715 3.55478
0.397313 2.38212
1.29346 -1.46531
0.146581 -2.67096
0.933915 5.34609
2.76482 2.71488
0.29907 5.85253
2.67194 2.11182
0.762956 -0.805456
1.06453 5.18222
0.457596 2.09103
0.98907 -2.71243
0.305422 -3.42927
0.165861 6.04375
0.418124 -1.67798
1.84755 3.38495
0.312539 -4.55191
0.273969 -7.27541
0.689539 -0.630069
0.621711 -3.52234
0.455956 1.88144
0.526613 1.36765
0.477506 -4.33206
0.207074 -4.65203
0.318673 -3.43205
1.88857 0.670059
0.059767 5.90942
0.471895 -3.28383
0.123584 -2.81734
0.317304 0.488121
0.504289 -0.276713
0.478403 0.754695
1.03736 4.86806
5.71269 2.58223
0.384469 2.46934
1.81669 -1.80118
0.869323 -1.64459
0.910865 7.05489
0.576106 0.880978
0.941366 -4.63836
0.971765 -3.27049
1.69184 0.393976
0.87961 4.11333
1.61793 -0.727263
0.210313 -0.82621
0.611835 -1.0142
0.664879 -0.93778
0.383551 2.2157
0.223311 6.65723
0.926525 -3.65822
0.767086 0.360494
0.30797 2.28457
0.459379 1.71683
1.5424 0.468948
