80.0000 0.2000E-02
81.0000 0.2023E-02
82.0000 0.2046E-02
83.0000 0.2069E-02
84.0000 0.2092E-02
85.0000 0.2115E-02
86.0000 0.2139E-02
87.0000 0.2162E-02
88.0000 0.2186E-02
89.0000 0.2209E-02
90.0000 0.2233E-02
91.0000 0.2257E-02
92.0000 0.2282E-02
93.0000 0.2306E-02
94.0000 0.2331E-02
95.0000 0.2357E-02
96.0000 0.2383E-02
97.0000 0.2409E-02
98.0000 0.2436E-02
99.0000 0.2464E-02
100.000 0.2493E-02
101.000 0.2522E-02
102.000 0.2553E-02
103.000 0.2585E-02
104.000 0.2618E-02
105.000 0.2652E-02
106.000 0.2689E-02
107.000 0.2727E-02
108.000 0.2767E-02
109.000 0.2810E-02
110.000 0.2855E-02
111.000 0.2903E-02
112.000 0.2953E-02
113.000 0.3008E-02
114.000 0.3066E-02
115.000 0.3128E-02
116.000 0.3194E-02
117.000 0.3266E-02
118.000 0.3343E-02
119.000 0.3425E-02
120.000 0.3514E-02
121.000 0.3610E-02
122.000 0.3714E-02
123.000 0.3826E-02
124.000 0.3947E-02
125.000 0.4077E-02
126.000 0.4219E-02
127.000 0.4373E-02
128.000 0.4539E-02
129.000 0.4720E-02
130.000 0.4916E-02
131.000 0.5129E-02
132.000 0.5361E-02
133.000 0.5614E-02
134.000 0.5890E-02
135.000 0.6190E-02
136.000 0.6519E-02
137.000 0.6879E-02
138.000 0.7273E-02
139.000 0.7706E-02
140.000 0.8182E-02
